TIME POSITION ORIENTATION VELOCITY BUTTONS FORCE TORQUE RAW_POSITION RAW_ORIENTATION RAW_VELOCITY 
00.043455  -0.0046202   0.00253120  0  0  0  0  0  0  0  0  0  0  0  0  0  0  0  0  0  0  0  0  0  0  0
0.0109930.043455  -0.0046202   0.00253120  0  0  0  0  0  0  0  0  0  0  0  0  0  0  0  0  0  0  0  0  0  0  0
0.021470.043455  -0.0046202   0.00253120  0  0  0  0  0  0  0  0  0  0  0  0  0  0  0  0  0  0  0  0  0  0  0
0.032180.043455  -0.0046202   0.00253120  0  0  0  0  0  0  0  0  0  0  0  0  0  0  0  0  0  0  0  0  0  0  0
0.0429230.043455  -0.0046202   0.00253120  0  0  0  0  0  0  0  0  0  0  0  0  0  0  0  0  0  0  0  0  0  0  0
0.0530040.043455  -0.0046202   0.00253120  0  0  0  0  0  0  0  0  0  0  0  0  0  0  0  0  0  0  0  0  0  0  0
0.0634930.043455  -0.0046202   0.00253120  0  0  0  0  0  0  0  0  0  0  0  0  0  0  0  0  0  0  0  0  0  0  0
0.0742190.043455  -0.0046202   0.00253120  0  0  0  0  0  0  0  0  0  0  0  0  0  0  0  0  0  0  0  0  0  0  0
0.0849850.043455  -0.0046202   0.00253120  0  0  0  0  0  0  0  0  0  0  0  0  0  0  0  0  0  0  0  0  0  0  0
0.0950010.043455  -0.0046202   0.00253120  0  0  0  0  0  0  0  0  0  0  0  0  0  0  0  0  0  0  0  0  0  0  0
0.105510.043455  -0.0046202   0.00253120  0  0  0  0  0  0  0  0  0  0  0  0  0  0  0  0  0  0  0  0  0  0  0
0.116230.043455  -0.0046202   0.00253120  0  0  0  0  0  0  0  0  0  0  0  0  0  0  0  0  0  0  0  0  0  0  0
0.127040.043455  -0.0046202   0.00253120  0  0  0  0  0  0  0  0  0  0  0  0  0  0  0  0  0  0  0  0  0  0  0
0.137060.043455  -0.0046202   0.00253120  0  0  0  0  0  0  0  0  0  0  0  0  0  0  0  0  0  0  0  0  0  0  0
0.147410.043455  -0.0046202   0.00253120  0  0  0  0  0  0  0  0  0  0  0  0  0  0  0  0  0  0  0  0  0  0  0
0.158160.043455  -0.0046202   0.00253120  0  0  0  0  0  0  0  0  0  0  0  0  0  0  0  0  0  0  0  0  0  0  0
0.168930.043455  -0.0046202   0.00253120  0  0  0  0  0  0  0  0  0  0  0  0  0  0  0  0  0  0  0  0  0  0  0
0.179670.043455  -0.0046202   0.00253120  0  0  0  0  0  0  0  0  0  0  0  0  0  0  0  0  0  0  0  0  0  0  0
0.190380.043455  -0.0046202   0.00253120  0  0  0  0  0  0  0  0  0  0  0  0  0  0  0  0  0  0  0  0  0  0  0
0.201130.043455  -0.0046202   0.00253120  0  0  0  0  0  0  0  0  0  0  0  0  0  0  0  0  0  0  0  0  0  0  0
0.211930.043455  -0.0046202   0.00253120  0  0  0  0  0  0  0  0  0  0  0  0  0  0  0  0  0  0  0  0  0  0  0
0.222730.043455  -0.0046202   0.00253120  0  0  0  0  0  0  0  0  0  0  0  0  0  0  0  0  0  0  0  0  0  0  0
0.233350.043455  -0.0046202   0.00253120  0  0  0  0  0  0  0  0  0  0  0  0  0  0  0  0  0  0  0  0  0  0  0
0.24410.043455  -0.0046202   0.00253120  0  0  0  0  0  0  0  0  0  0  0  0  0  0  0  0  0  0  0  0  0  0  0
0.254920.043455  -0.0046202   0.00253120  0  0  0  0  0  0  0  0  0  0  0  0  0  0  0  0  0  0  0  0  0  0  0
0.26570.043455  -0.0046202   0.00253120  0  0  0  0  0  0  0  0  0  0  0  0  0  0  0  0  0  0  0  0  0  0  0
0.276330.043455  -0.0046202   0.00253120  0  0  0  0  0  0  0  0  0  0  0  0  0  0  0  0  0  0  0  0  0  0  0
0.28710.043455  -0.0046202   0.00253120  0  0  0  0  0  0  0  0  0  0  0  0  0  0  0  0  0  0  0  0  0  0  0
0.297920.043455  -0.0046202   0.00253120  0  0  0  0  0  0  0  0  0  0  0  0  0  0  0  0  0  0  0  0  0  0  0
0.308730.043455  -0.0046202   0.00253120  0  0  0  0  0  0  0  0  0  0  0  0  0  0  0  0  0  0  0  0  0  0  0
0.319350.043455  -0.0046202   0.00253120  0  0  0  0  0  0  0  0  0  0  0  0  0  0  0  0  0  0  0  0  0  0  0
0.330070.043455  -0.0046202   0.00253120  0  0  0  0  0  0  0  0  0  0  0  0  0  0  0  0  0  0  0  0  0  0  0
0.340970.043455  -0.0046202   0.00253120  0  0  0  0  0  0  0  0  0  0  0  0  0  0  0  0  0  0  0  0  0  0  0
0.351730.043455  -0.0046202   0.00253120  0  0  0  0  0  0  0  0  0  0  0  0  0  0  0  0  0  0  0  0  0  0  0
0.362320.043455  -0.0046202   0.00253120  0  0  0  0  0  0  0  0  0  0  0  0  0  0  0  0  0  0  0  0  0  0  0
0.372990.043455  -0.0046202   0.00253120  0  0  0  0  0  0  0  0  0  0  0  0  0  0  0  0  0  0  0  0  0  0  0
0.384040.043418  -0.0046105   0.00255840  0  0  0  0  0  0  0  0  0  0  0  0  0  0  0  0  0  0  0  0  0  0  0
0.39450.043418  -0.0046105   0.00255840  0  0  0  0  0  0  0  0  0  0  0  0  0  0  0  0  0  0  0  0  0  0  0
0.405220.043418  -0.0046105   0.00255840  0  0  0  0  0  0  0  0  0  0  0  0  0  0  0  0  0  0  0  0  0  0  0
0.4160.043418  -0.0046105   0.00255840  0  0  0  0  0  0  0  0  0  0  0  0  0  0  0  0  0  0  0  0  0  0  0
0.426930.043418  -0.0046105   0.00255840  0  0  0  0  0  0  0  0  0  0  0  0  0  0  0  0  0  0  0  0  0  0  0
0.437390.043418  -0.0046105   0.00255840  0  0  0  0  0  0  0  0  0  0  0  0  0  0  0  0  0  0  0  0  0  0  0
0.448270.043418  -0.0046105   0.00255840  0  0  0  0  0  0  0  0  0  0  0  0  0  0  0  0  0  0  0  0  0  0  0
0.4590.043418  -0.0046105   0.00255840  0  0  0  0  0  0  0  0  0  0  0  0  0  0  0  0  0  0  0  0  0  0  0
0.469870.043418  -0.0046105   0.00255840  0  0  0  0  0  0  0  0  0  0  0  0  0  0  0  0  0  0  0  0  0  0  0
0.48050.043418  -0.0046105   0.00255840  0  0  0  0  0  0  0  0  0  0  0  0  0  0  0  0  0  0  0  0  0  0  0
0.491220.043418  -0.0046105   0.00255840  0  0  0  0  0  0  0  0  0  0  0  0  0  0  0  0  0  0  0  0  0  0  0
0.501990.043418  -0.0046105   0.00255840  0  0  0  0  0  0  0  0  0  0  0  0  0  0  0  0  0  0  0  0  0  0  0
0.512810.043418  -0.0046105   0.00255840  0  0  0  0  0  0  0  0  0  0  0  0  0  0  0  0  0  0  0  0  0  0  0
0.523380.043418  -0.0046105   0.00255840  0  0  0  0  0  0  0  0  0  0  0  0  0  0  0  0  0  0  0  0  0  0  0
0.534130.043418  -0.0046105   0.00255840  0  0  0  0  0  0  0  0  0  0  0  0  0  0  0  0  0  0  0  0  0  0  0
0.545050.043418  -0.0046105   0.00255840  0  0  0  0  0  0  0  0  0  0  0  0  0  0  0  0  0  0  0  0  0  0  0
0.555770.043418  -0.0046105   0.00255840  0  0  0  0  0  0  0  0  0  0  0  0  0  0  0  0  0  0  0  0  0  0  0
0.566430.043418  -0.0046105   0.00255840  0  0  0  0  0  0  0  0  0  0  0  0  0  0  0  0  0  0  0  0  0  0  0
0.577650.043418  -0.0046105   0.00255840  0  0  0  0  0  0  0  0  0  0  0  0  0  0  0  0  0  0  0  0  0  0  0
0.588080.043418  -0.0046105   0.00255840  0  0  0  0  0  0  0  0  0  0  0  0  0  0  0  0  0  0  0  0  0  0  0
0.598770.043418  -0.0046105   0.00255840  0  0  0  0  0  0  0  0  0  0  0  0  0  0  0  0  0  0  0  0  0  0  0
0.609310.043418  -0.0046105   0.00255840  0  0  0  0  0  0  0  0  0  0  0  0  0  0  0  0  0  0  0  0  0  0  0
0.620010.043418  -0.0046105   0.00255840  0  0  0  0  0  0  0  0  0  0  0  0  0  0  0  0  0  0  0  0  0  0  0
0.630960.043418  -0.0046105   0.00255840  0  0  0  0  0  0  0  0  0  0  0  0  0  0  0  0  0  0  0  0  0  0  0
0.641540.043418  -0.0046105   0.00255840  0  0  0  0  0  0  0  0  0  0  0  0  0  0  0  0  0  0  0  0  0  0  0
0.652380.043418  -0.0046105   0.00255840  0  0  0  0  0  0  0  0  0  0  0  0  0  0  0  0  0  0  0  0  0  0  0
0.662950.043418  -0.0046105   0.00255840  0  0  0  0  0  0  0  0  0  0  0  0  0  0  0  0  0  0  0  0  0  0  0
0.6730.043418  -0.0046105   0.00255840  0  0  0  0  0  0  0  0  0  0  0  0  0  0  0  0  0  0  0  0  0  0  0
0.683790.043418  -0.0046105   0.00255840  0  0  0  0  0  0  0  0  0  0  0  0  0  0  0  0  0  0  0  0  0  0  0
0.694280.043418  -0.0046105   0.00255840  0  0  0  0  0  0  0  0  0  0  0  0  0  0  0  0  0  0  0  0  0  0  0
0.705010.043418  -0.0046105   0.00255840  0  0  0  0  0  0  0  0  0  0  0  0  0  0  0  0  0  0  0  0  0  0  0
0.715020.043418  -0.0046105   0.00255840  0  0  0  0  0  0  0  0  0  0  0  0  0  0  0  0  0  0  0  0  0  0  0
0.725510.043418  -0.0046105   0.00255840  0  0  0  0  0  0  0  0  0  0  0  0  0  0  0  0  0  0  0  0  0  0  0
0.736330.043381  -0.0046009   0.00258560  0  0  0  0  0  0  0  0  0  0  0  0  0  0  0  0  0  0  0  0  0  0  0
0.747060.043381  -0.0046009   0.00258560  0  0  0  0  0  0  0  0  0  0  0  0  0  0  0  0  0  0  0  0  0  0  0
0.757850.043381  -0.0046009   0.00258560  0  0  0  0  0  0  0  0  0  0  0  0  0  0  0  0  0  0  0  0  0  0  0
0.767990.043381  -0.0046009   0.00258560  0  0  0  0  0  0  0  0  0  0  0  0  0  0  0  0  0  0  0  0  0  0  0
0.778290.043381  -0.0046009   0.00258560  0  0  0  0  0  0  0  0  0  0  0  0  0  0  0  0  0  0  0  0  0  0  0
0.7890.043381  -0.0046009   0.00258560  0  0  0  0  0  0  0  0  0  0  0  0  0  0  0  0  0  0  0  0  0  0  0
0.799980.043381  -0.0046009   0.00258560  0  0  0  0  0  0  0  0  0  0  0  0  0  0  0  0  0  0  0  0  0  0  0
0.810490.043381  -0.0046009   0.00258560  0  0  0  0  0  0  0  0  0  0  0  0  0  0  0  0  0  0  0  0  0  0  0
0.821290.043381  -0.0046009   0.00258560  0  0  0  0  0  0  0  0  0  0  0  0  0  0  0  0  0  0  0  0  0  0  0
0.832020.043381  -0.0046009   0.00258560  0  0  0  0  0  0  0  0  0  0  0  0  0  0  0  0  0  0  0  0  0  0  0
0.842710.043381  -0.0046009   0.00258560  0  0  0  0  0  0  0  0  0  0  0  0  0  0  0  0  0  0  0  0  0  0  0
0.852720.043381  -0.0046009   0.00258560  0  0  0  0  0  0  0  0  0  0  0  0  0  0  0  0  0  0  0  0  0  0  0
0.863290.043381  -0.0046009   0.00258560  0  0  0  0  0  0  0  0  0  0  0  0  0  0  0  0  0  0  0  0  0  0  0
0.873960.043381  -0.0046009   0.00258560  0  0  0  0  0  0  0  0  0  0  0  0  0  0  0  0  0  0  0  0  0  0  0
0.884920.043381  -0.0046009   0.00258560  0  0  0  0  0  0  0  0  0  0  0  0  0  0  0  0  0  0  0  0  0  0  0
0.895520.043381  -0.0046009   0.00258560  0  0  0  0  0  0  0  0  0  0  0  0  0  0  0  0  0  0  0  0  0  0  0
0.906250.043381  -0.0046009   0.00258560  0  0  0  0  0  0  0  0  0  0  0  0  0  0  0  0  0  0  0  0  0  0  0
0.916980.043381  -0.0046009   0.00258560  0  0  0  0  0  0  0  0  0  0  0  0  0  0  0  0  0  0  0  0  0  0  0
0.9280.043381  -0.0046009   0.00258560  0  0  0  0  0  0  0  0  0  0  0  0  0  0  0  0  0  0  0  0  0  0  0
0.938480.043381  -0.0046009   0.00258560  0  0  0  0  0  0  0  0  0  0  0  0  0  0  0  0  0  0  0  0  0  0  0
0.949240.043381  -0.0046009   0.00258560  0  0  0  0  0  0  0  0  0  0  0  0  0  0  0  0  0  0  0  0  0  0  0
0.959950.043381  -0.0046009   0.00258560  0  0  0  0  0  0  0  0  0  0  0  0  0  0  0  0  0  0  0  0  0  0  0
0.970530.043381  -0.0046009   0.00258560  0  0  0  0  0  0  0  0  0  0  0  0  0  0  0  0  0  0  0  0  0  0  0
0.981430.043381  -0.0046009   0.00258560  0  0  0  0  0  0  0  0  0  0  0  0  0  0  0  0  0  0  0  0  0  0  0
0.992220.043381  -0.0046009   0.00258560  0  0  0  0  0  0  0  0  0  0  0  0  0  0  0  0  0  0  0  0  0  0  0
1.0030.043381  -0.0046009   0.00258560  0  0  0  0  0  0  0  0  0  0  0  0  0  0  0  0  0  0  0  0  0  0  0
1.01390.043381  -0.0046009   0.00258560  0  0  0  0  0  0  0  0  0  0  0  0  0  0  0  0  0  0  0  0  0  0  0
1.02530.043381  -0.0046009   0.00258560  0  0  0  0  0  0  0  0  0  0  0  0  0  0  0  0  0  0  0  0  0  0  0
1.03610.043381  -0.0046009   0.00258560  0  0  0  0  0  0  0  0  0  0  0  0  0  0  0  0  0  0  0  0  0  0  0
1.0470.043381  -0.0046009   0.00258560  0  0  0  0  0  0  0  0  0  0  0  0  0  0  0  0  0  0  0  0  0  0  0
1.05770.043381  -0.0046009   0.00258560  0  0  0  0  0  0  0  0  0  0  0  0  0  0  0  0  0  0  0  0  0  0  0
1.06830.043381  -0.0046009   0.00258560  0  0  0  0  0  0  0  0  0  0  0  0  0  0  0  0  0  0  0  0  0  0  0
1.07910.043381  -0.0046009   0.00258560  0  0  0  0  0  0  0  0  0  0  0  0  0  0  0  0  0  0  0  0  0  0  0
1.08990.043381  -0.0046009   0.00258560  0  0  0  0  0  0  0  0  0  0  0  0  0  0  0  0  0  0  0  0  0  0  0
1.1010.043381  -0.0046009   0.00258560  0  0  0  0  0  0  0  0  0  0  0  0  0  0  0  0  0  0  0  0  0  0  0
1.11150.043381  -0.0046009   0.00258560  0  0  0  0  0  0  0  0  0  0  0  0  0  0  0  0  0  0  0  0  0  0  0
1.1220.043381  -0.0046009   0.00258560  0  0  0  0  0  0  0  0  0  0  0  0  0  0  0  0  0  0  0  0  0  0  0
1.13290.043381  -0.0046009   0.00258560  0  0  0  0  0  0  0  0  0  0  0  0  0  0  0  0  0  0  0  0  0  0  0
1.14340.043381  -0.0046009   0.00258560  0  0  0  0  0  0  0  0  0  0  0  0  0  0  0  0  0  0  0  0  0  0  0
1.15420.043381  -0.0046009   0.00258560  0  0  0  0  0  0  0  0  0  0  0  0  0  0  0  0  0  0  0  0  0  0  0
1.1650.043381  -0.0046009   0.00258560  0  0  0  0  0  0  0  0  0  0  0  0  0  0  0  0  0  0  0  0  0  0  0
1.17580.043381  -0.0046009   0.00258560  0  0  0  0  0  0  0  0  0  0  0  0  0  0  0  0  0  0  0  0  0  0  0
1.18670.043381  -0.0046009   0.00258560  0  0  0  0  0  0  0  0  0  0  0  0  0  0  0  0  0  0  0  0  0  0  0
1.19730.043381  -0.0046009   0.00258560  0  0  0  0  0  0  0  0  0  0  0  0  0  0  0  0  0  0  0  0  0  0  0
1.2080.043348  -0.0046403   0.00258230  0  0  0  0  0  0  0  0  0  0  0  0  0  0  0  0  0  0  0  0  0  0  0
1.21890.043348  -0.0046403   0.00258230  0  0  0  0  0  0  0  0  0  0  0  0  0  0  0  0  0  0  0  0  0  0  0
1.22980.043348  -0.0046403   0.00258230  0  0  0  0  0  0  0  0  0  0  0  0  0  0  0  0  0  0  0  0  0  0  0
1.24020.043315  -0.0046797   0.00257910  0  0  0  0  0  0  0  0  0  0  0  0  0  0  0  0  0  0  0  0  0  0  0
1.25090.043282   -0.004719   0.00257580  0  0  0  0  0  0  0  0  0  0  0  0  0  0  0  0  0  0  0  0  0  0  0
1.26180.043282   -0.004719   0.00257580  0  0  0  0  0  0  0  0  0  0  0  0  0  0  0  0  0  0  0  0  0  0  0
1.27280.043215  -0.0047977   0.00256920  0  0  0  0  0  0  0  0  0  0  0  0  0  0  0  0  0  0  0  0  0  0  0
1.28320.043174  -0.0047882   0.00255780  0  0  0  0  0  0  0  0  0  0  0  0  0  0  0  0  0  0  0  0  0  0  0
1.29370.043074  -0.0049061   0.00254760  0  0  0  0  0  0  0  0  0  0  0  0  0  0  0  0  0  0  0  0  0  0  0
1.30490.042924  -0.0049654   0.00251780  0  0  0  0  0  0  0  0  0  0  0  0  0  0  0  0  0  0  0  0  0  0  0
1.31570.042732  -0.0050149    0.0024760  0  0  0  0  0  0  0  0  0  0  0  0  0  0  0  0  0  0  0  0  0  0  0
1.32620.042498  -0.0050545   0.00242220  0  0  0  0  0  0  0  0  0  0  0  0  0  0  0  0  0  0  0  0  0  0  0
1.3370.042147  -0.0051134   0.00234040  0  0  0  0  0  0  0  0  0  0  0  0  0  0  0  0  0  0  0  0  0  0  0
1.34720.041744   -0.005113   0.00223710  0  0  0  0  0  0  0  0  0  0  0  0  0  0  0  0  0  0  0  0  0  0  0
1.35750.041274  -0.0050049   0.00206450  0  0  0  0  0  0  0  0  0  0  0  0  0  0  0  0  0  0  0  0  0  0  0
1.36820.040714  -0.0048283   0.00189510  0  0  0  0  0  0  0  0  0  0  0  0  0  0  0  0  0  0  0  0  0  0  0
1.37890.040025  -0.0046219   0.00168350  0  0  0  0  0  0  0  0  0  0  0  0  0  0  0  0  0  0  0  0  0  0  0
1.38980.039376   -0.004425   0.00147970  0  0  0  0  0  0  0  0  0  0  0  0  0  0  0  0  0  0  0  0  0  0  0
1.40040.038554   -0.004188    0.0012170  0  0  0  0  0  0  0  0  0  0  0  0  0  0  0  0  0  0  0  0  0  0  0
1.41120.037642  -0.0039307  0.000918630  0  0  0  0  0  0  0  0  0  0  0  0  0  0  0  0  0  0  0  0  0  0  0
1.42190.036683  -0.0036628  0.000596390  0  0  0  0  0  0  0  0  0  0  0  0  0  0  0  0  0  0  0  0  0  0  0
1.4320.035797  -0.0033672  0.000284040  0  0  0  0  0  0  0  0  0  0  0  0  0  0  0  0  0  0  0  0  0  0  0
1.44240.034869  -0.0031088 -8.3489e-050  0  0  0  0  0  0  0  0  0  0  0  0  0  0  0  0  0  0  0  0  0  0  0
1.45310.033824  -0.0028667 -0.000457780  0  0  0  0  0  0  0  0  0  0  0  0  0  0  0  0  0  0  0  0  0  0  0
1.46390.0329  -0.0026541 -0.000836130  0  0  0  0  0  0  0  0  0  0  0  0  0  0  0  0  0  0  0  0  0  0  0
1.47650.032029  -0.0024976   -0.0011970  0  0  0  0  0  0  0  0  0  0  0  0  0  0  0  0  0  0  0  0  0  0  0
1.48720.031107  -0.0023301  -0.00162490  0  0  0  0  0  0  0  0  0  0  0  0  0  0  0  0  0  0  0  0  0  0  0
1.49810.03037  -0.0022486  -0.00198150  0  0  0  0  0  0  0  0  0  0  0  0  0  0  0  0  0  0  0  0  0  0  0
1.50880.02971  -0.0021408  -0.00231940  0  0  0  0  0  0  0  0  0  0  0  0  0  0  0  0  0  0  0  0  0  0  0
1.51960.029181  -0.0020634  -0.00260790  0  0  0  0  0  0  0  0  0  0  0  0  0  0  0  0  0  0  0  0  0  0  0
1.53030.028651  -0.0020311  -0.00297260  0  0  0  0  0  0  0  0  0  0  0  0  0  0  0  0  0  0  0  0  0  0  0
1.5410.02829  -0.0020393  -0.00330870  0  0  0  0  0  0  0  0  0  0  0  0  0  0  0  0  0  0  0  0  0  0  0
1.55190.028109  -0.0020075   -0.0037020  0  0  0  0  0  0  0  0  0  0  0  0  0  0  0  0  0  0  0  0  0  0  0
1.56250.028027  -0.0020415  -0.00404780  0  0  0  0  0  0  0  0  0  0  0  0  0  0  0  0  0  0  0  0  0  0  0
1.57320.028062  -0.0019806   -0.0045220  0  0  0  0  0  0  0  0  0  0  0  0  0  0  0  0  0  0  0  0  0  0  0
1.5840.028145  -0.0019302  -0.00493580  0  0  0  0  0  0  0  0  0  0  0  0  0  0  0  0  0  0  0  0  0  0  0
1.59480.028267  -0.0018455  -0.00530020  0  0  0  0  0  0  0  0  0  0  0  0  0  0  0  0  0  0  0  0  0  0  0
1.60540.028313   -0.001741  -0.00561780  0  0  0  0  0  0  0  0  0  0  0  0  0  0  0  0  0  0  0  0  0  0  0
1.61570.028352  -0.0016368  -0.00597860  0  0  0  0  0  0  0  0  0  0  0  0  0  0  0  0  0  0  0  0  0  0  0
1.62590.028401  -0.0014095  -0.00635520  0  0  0  0  0  0  0  0  0  0  0  0  0  0  0  0  0  0  0  0  0  0  0
1.63670.028372  -0.0012078  -0.00675940  0  0  0  0  0  0  0  0  0  0  0  0  0  0  0  0  0  0  0  0  0  0  0
1.64740.028243  -0.0010213  -0.00708190  0  0  0  0  0  0  0  0  0  0  0  0  0  0  0  0  0  0  0  0  0  0  0
1.65820.028008 -0.00077223  -0.00749860  0  0  0  0  0  0  0  0  0  0  0  0  0  0  0  0  0  0  0  0  0  0  0
1.66890.027736 -0.00051466  -0.00789360  0  0  0  0  0  0  0  0  0  0  0  0  0  0  0  0  0  0  0  0  0  0  0
1.67980.027343 -0.00027323  -0.00833760  0  0  0  0  0  0  0  0  0  0  0  0  0  0  0  0  0  0  0  0  0  0  0
1.69040.026914  -2.336e-05   -0.0087610  0  0  0  0  0  0  0  0  0  0  0  0  0  0  0  0  0  0  0  0  0  0  0
1.70120.026297  0.00026237  -0.00935510  0  0  0  0  0  0  0  0  0  0  0  0  0  0  0  0  0  0  0  0  0  0  0
1.71190.025605  0.00052185  -0.00998330  0  0  0  0  0  0  0  0  0  0  0  0  0  0  0  0  0  0  0  0  0  0  0
1.72250.02495  0.00076914   -0.0106410  0  0  0  0  0  0  0  0  0  0  0  0  0  0  0  0  0  0  0  0  0  0  0
1.73340.024171  0.00099951   -0.0113990  0  0  0  0  0  0  0  0  0  0  0  0  0  0  0  0  0  0  0  0  0  0  0
1.74410.023274   0.0011706   -0.0122910  0  0  0  0  0  0  0  0  0  0  0  0  0  0  0  0  0  0  0  0  0  0  0
1.75740.0223   0.0013167   -0.0132680  0  0  0  0  0  0  0  0  0  0  0  0  0  0  0  0  0  0  0  0  0  0  0
1.77020.02117   0.0014859   -0.0145460  0  0  0  0  0  0  0  0  0  0  0  0  0  0  0  0  0  0  0  0  0  0  0
1.78120.020329    0.001559   -0.0155960  0  0  0  0  0  0  0  0  0  0  0  0  0  0  0  0  0  0  0  0  0  0  0
1.7920.019567   0.0016537   -0.0166220  0  0  0  0  0  0  0  0  0  0  0  0  0  0  0  0  0  0  0  0  0  0  0
1.80290.018822   0.0017076   -0.0176390  0  0  0  0  0  0  0  0  0  0  0  0  0  0  0  0  0  0  0  0  0  0  0
1.81350.018166   0.0017431   -0.0186130  0  0  0  0  0  0  0  0  0  0  0  0  0  0  0  0  0  0  0  0  0  0  0
1.82420.017408   0.0017931   -0.0198190  0  0  0  0  0  0  0  0  0  0  0  0  0  0  0  0  0  0  0  0  0  0  0
1.83490.016762   0.0017475   -0.0209510  0  0  0  0  0  0  0  0  0  0  0  0  0  0  0  0  0  0  0  0  0  0  0
1.84580.016158   0.0016936   -0.0221060  0  0  0  0  0  0  0  0  0  0  0  0  0  0  0  0  0  0  0  0  0  0  0
1.85640.01563   0.0017006   -0.0231510  0  0  0  0  0  0  0  0  0  0  0  0  0  0  0  0  0  0  0  0  0  0  0
1.86730.015015   0.0016846   -0.0244110  0  0  0  0  0  0  0  0  0  0  0  0  0  0  0  0  0  0  0  0  0  0  0
1.87850.014505   0.0016926   -0.0254130  0  0  0  0  0  0  0  0  0  0  0  0  0  0  0  0  0  0  0  0  0  0  0
1.88880.013921   0.0016797    -0.026540  0  0  0  0  0  0  0  0  0  0  0  0  0  0  0  0  0  0  0  0  0  0  0
1.89940.013522   0.0017354   -0.0274490  0  0  0  0  0  0  0  0  0  0  0  0  0  0  0  0  0  0  0  0  0  0  0
1.91020.013018   0.0017788   -0.0284620  0  0  0  0  0  0  0  0  0  0  0  0  0  0  0  0  0  0  0  0  0  0  0
1.92090.012628   0.0018325   -0.0293680  0  0  0  0  0  0  0  0  0  0  0  0  0  0  0  0  0  0  0  0  0  0  0
1.93160.012215   0.0019323   -0.0301370  0  0  0  0  0  0  0  0  0  0  0  0  0  0  0  0  0  0  0  0  0  0  0
1.94240.011779   0.0020037   -0.0309170  0  0  0  0  0  0  0  0  0  0  0  0  0  0  0  0  0  0  0  0  0  0  0
1.95310.011213   0.0020731    -0.031740  0  0  0  0  0  0  0  0  0  0  0  0  0  0  0  0  0  0  0  0  0  0  0
1.96390.010701   0.0021352   -0.0324510  0  0  0  0  0  0  0  0  0  0  0  0  0  0  0  0  0  0  0  0  0  0  0
1.97470.010256   0.0022506   -0.0330520  0  0  0  0  0  0  0  0  0  0  0  0  0  0  0  0  0  0  0  0  0  0  0
1.98530.0097993   0.0023048   -0.0336510  0  0  0  0  0  0  0  0  0  0  0  0  0  0  0  0  0  0  0  0  0  0  0
1.99580.0094186   0.0023427   -0.0341970  0  0  0  0  0  0  0  0  0  0  0  0  0  0  0  0  0  0  0  0  0  0  0
2.00590.0091429   0.0023911   -0.0346360  0  0  0  0  0  0  0  0  0  0  0  0  0  0  0  0  0  0  0  0  0  0  0
2.01660.0089305   0.0024565   -0.0350370  0  0  0  0  0  0  0  0  0  0  0  0  0  0  0  0  0  0  0  0  0  0  0
2.02730.0087979   0.0024363   -0.0354840  0  0  0  0  0  0  0  0  0  0  0  0  0  0  0  0  0  0  0  0  0  0  0
2.03810.0087544   0.0024236   -0.0359520  0  0  0  0  0  0  0  0  0  0  0  0  0  0  0  0  0  0  0  0  0  0  0
2.04890.0088219   0.0023539   -0.0363690  0  0  0  0  0  0  0  0  0  0  0  0  0  0  0  0  0  0  0  0  0  0  0
2.05960.0088574   0.0022936   -0.0367680  0  0  0  0  0  0  0  0  0  0  0  0  0  0  0  0  0  0  0  0  0  0  0
2.07030.0089191   0.0022238   -0.0372240  0  0  0  0  0  0  0  0  0  0  0  0  0  0  0  0  0  0  0  0  0  0  0
2.08110.008945   0.0021622   -0.0377050  0  0  0  0  0  0  0  0  0  0  0  0  0  0  0  0  0  0  0  0  0  0  0
2.09190.0089229   0.0020874   -0.0380960  0  0  0  0  0  0  0  0  0  0  0  0  0  0  0  0  0  0  0  0  0  0  0
2.10270.0088595   0.0020878   -0.0384130  0  0  0  0  0  0  0  0  0  0  0  0  0  0  0  0  0  0  0  0  0  0  0
2.11330.0087466   0.0020395   -0.0387530  0  0  0  0  0  0  0  0  0  0  0  0  0  0  0  0  0  0  0  0  0  0  0
2.1240.0085818   0.0020106   -0.0389770  0  0  0  0  0  0  0  0  0  0  0  0  0  0  0  0  0  0  0  0  0  0  0
2.13490.0084504   0.0020081   -0.0391070  0  0  0  0  0  0  0  0  0  0  0  0  0  0  0  0  0  0  0  0  0  0  0
2.14560.0082985   0.0019824   -0.0392060  0  0  0  0  0  0  0  0  0  0  0  0  0  0  0  0  0  0  0  0  0  0  0
2.15640.0081717    0.001981   -0.0392940  0  0  0  0  0  0  0  0  0  0  0  0  0  0  0  0  0  0  0  0  0  0  0
2.1670.0080637   0.0019162   -0.0393550  0  0  0  0  0  0  0  0  0  0  0  0  0  0  0  0  0  0  0  0  0  0  0
2.1780.0079405   0.0017957   -0.0394140  0  0  0  0  0  0  0  0  0  0  0  0  0  0  0  0  0  0  0  0  0  0  0
2.18850.0078176   0.0016755   -0.0394730  0  0  0  0  0  0  0  0  0  0  0  0  0  0  0  0  0  0  0  0  0  0  0
2.19920.0076459   0.0015075   -0.0395560  0  0  0  0  0  0  0  0  0  0  0  0  0  0  0  0  0  0  0  0  0  0  0
2.20990.0074256   0.0012921   -0.0396630  0  0  0  0  0  0  0  0  0  0  0  0  0  0  0  0  0  0  0  0  0  0  0
2.22060.0072304   0.0011013   -0.0397590  0  0  0  0  0  0  0  0  0  0  0  0  0  0  0  0  0  0  0  0  0  0  0
2.23140.0070357  0.00091106   -0.0398560  0  0  0  0  0  0  0  0  0  0  0  0  0  0  0  0  0  0  0  0  0  0  0
2.24220.0067931  0.00067401   -0.0399780  0  0  0  0  0  0  0  0  0  0  0  0  0  0  0  0  0  0  0  0  0  0  0
2.25290.0065996  0.00048499   -0.0400760  0  0  0  0  0  0  0  0  0  0  0  0  0  0  0  0  0  0  0  0  0  0  0
2.26380.0063825  0.00027302   -0.0401860  0  0  0  0  0  0  0  0  0  0  0  0  0  0  0  0  0  0  0  0  0  0  0
2.27430.0061901  8.5192e-05   -0.0402860  0  0  0  0  0  0  0  0  0  0  0  0  0  0  0  0  0  0  0  0  0  0  0
2.28530.0060221 -7.8699e-05   -0.0403730  0  0  0  0  0  0  0  0  0  0  0  0  0  0  0  0  0  0  0  0  0  0  0
2.29590.0058785 -0.00021884   -0.0404480  0  0  0  0  0  0  0  0  0  0  0  0  0  0  0  0  0  0  0  0  0  0  0
2.30670.005783 -0.00031209   -0.0404980  0  0  0  0  0  0  0  0  0  0  0  0  0  0  0  0  0  0  0  0  0  0  0
2.3180.0056875  -0.0004052   -0.0405480  0  0  0  0  0  0  0  0  0  0  0  0  0  0  0  0  0  0  0  0  0  0  0
2.32810.0056398  -0.0004517   -0.0405740  0  0  0  0  0  0  0  0  0  0  0  0  0  0  0  0  0  0  0  0  0  0  0
2.33880.0056398  -0.0004517   -0.0405740  0  0  0  0  0  0  0  0  0  0  0  0  0  0  0  0  0  0  0  0  0  0  0
2.34960.0056398  -0.0004517   -0.0405740  0  0  0  0  0  0  0  0  0  0  0  0  0  0  0  0  0  0  0  0  0  0  0
2.36030.0056398  -0.0004517   -0.0405740  0  0  0  0  0  0  0  0  0  0  0  0  0  0  0  0  0  0  0  0  0  0  0
2.37110.0056398  -0.0004517   -0.0405740  0  0  0  0  0  0  0  0  0  0  0  0  0  0  0  0  0  0  0  0  0  0  0
2.38170.0056489 -0.00048335    -0.040560  0  0  0  0  0  0  0  0  0  0  0  0  0  0  0  0  0  0  0  0  0  0  0
2.39260.0056187 -0.00047515   -0.0405450  0  0  0  0  0  0  0  0  0  0  0  0  0  0  0  0  0  0  0  0  0  0  0
2.40320.0056187 -0.00047515   -0.0405450  0  0  0  0  0  0  0  0  0  0  0  0  0  0  0  0  0  0  0  0  0  0  0
2.41420.0056277 -0.00050682   -0.0405320  0  0  0  0  0  0  0  0  0  0  0  0  0  0  0  0  0  0  0  0  0  0  0
2.42420.0056367  -0.0005385   -0.0405190  0  0  0  0  0  0  0  0  0  0  0  0  0  0  0  0  0  0  0  0  0  0  0
2.43430.0056156   -0.000562    -0.040490  0  0  0  0  0  0  0  0  0  0  0  0  0  0  0  0  0  0  0  0  0  0  0
2.44460.0056336 -0.00062543   -0.0404640  0  0  0  0  0  0  0  0  0  0  0  0  0  0  0  0  0  0  0  0  0  0  0
2.4550.0056093 -0.00073605   -0.0403810  0  0  0  0  0  0  0  0  0  0  0  0  0  0  0  0  0  0  0  0  0  0  0
2.46590.0055457 -0.00080688   -0.0402960  0  0  0  0  0  0  0  0  0  0  0  0  0  0  0  0  0  0  0  0  0  0  0
2.47660.0054212 -0.00086145    -0.040180  0  0  0  0  0  0  0  0  0  0  0  0  0  0  0  0  0  0  0  0  0  0  0
2.48720.0052446 -0.00093163   -0.0400210  0  0  0  0  0  0  0  0  0  0  0  0  0  0  0  0  0  0  0  0  0  0  0
2.4980.0049846  -0.0010093   -0.0398020  0  0  0  0  0  0  0  0  0  0  0  0  0  0  0  0  0  0  0  0  0  0  0
2.50880.0046618  -0.0010708   -0.0395540  0  0  0  0  0  0  0  0  0  0  0  0  0  0  0  0  0  0  0  0  0  0  0
2.51970.0043462  -0.0011646   -0.0392920  0  0  0  0  0  0  0  0  0  0  0  0  0  0  0  0  0  0  0  0  0  0  0
2.53010.0039444  -0.0012661   -0.0389730  0  0  0  0  0  0  0  0  0  0  0  0  0  0  0  0  0  0  0  0  0  0  0
2.5410.0033785  -0.0014154   -0.0385240  0  0  0  0  0  0  0  0  0  0  0  0  0  0  0  0  0  0  0  0  0  0  0
2.55190.0027297  -0.0016057   -0.0380060  0  0  0  0  0  0  0  0  0  0  0  0  0  0  0  0  0  0  0  0  0  0  0
2.56240.0021052  -0.0018057   -0.0375040  0  0  0  0  0  0  0  0  0  0  0  0  0  0  0  0  0  0  0  0  0  0  0
2.57320.0013388  -0.0020639   -0.0368910  0  0  0  0  0  0  0  0  0  0  0  0  0  0  0  0  0  0  0  0  0  0  0
2.5840.0004011  -0.0024065    -0.036140  0  0  0  0  0  0  0  0  0  0  0  0  0  0  0  0  0  0  0  0  0  0  0
2.5949-0.00060343  -0.0026773   -0.0353650  0  0  0  0  0  0  0  0  0  0  0  0  0  0  0  0  0  0  0  0  0  0  0
2.6054-0.0016243  -0.0029489   -0.0346380  0  0  0  0  0  0  0  0  0  0  0  0  0  0  0  0  0  0  0  0  0  0  0
2.6162-0.0028743  -0.0032631    -0.033780  0  0  0  0  0  0  0  0  0  0  0  0  0  0  0  0  0  0  0  0  0  0  0
2.6269-0.0042186  -0.0035627   -0.0328630  0  0  0  0  0  0  0  0  0  0  0  0  0  0  0  0  0  0  0  0  0  0  0
2.6379-0.0056157  -0.0038895   -0.0319310  0  0  0  0  0  0  0  0  0  0  0  0  0  0  0  0  0  0  0  0  0  0  0
2.6484-0.0068534  -0.0041685   -0.0310880  0  0  0  0  0  0  0  0  0  0  0  0  0  0  0  0  0  0  0  0  0  0  0
2.6591-0.0083323  -0.0045253   -0.0301130  0  0  0  0  0  0  0  0  0  0  0  0  0  0  0  0  0  0  0  0  0  0  0
2.6698-0.010003  -0.0049453    -0.029010  0  0  0  0  0  0  0  0  0  0  0  0  0  0  0  0  0  0  0  0  0  0  0
2.68-0.01142  -0.0053693   -0.0280930  0  0  0  0  0  0  0  0  0  0  0  0  0  0  0  0  0  0  0  0  0  0  0
2.6904-0.012778   -0.005716   -0.0272250  0  0  0  0  0  0  0  0  0  0  0  0  0  0  0  0  0  0  0  0  0  0  0
2.7012-0.014464  -0.0061995   -0.0261030  0  0  0  0  0  0  0  0  0  0  0  0  0  0  0  0  0  0  0  0  0  0  0
2.7119-0.016175  -0.0067212   -0.0249920  0  0  0  0  0  0  0  0  0  0  0  0  0  0  0  0  0  0  0  0  0  0  0
2.7225-0.017715   -0.007114   -0.0240790  0  0  0  0  0  0  0  0  0  0  0  0  0  0  0  0  0  0  0  0  0  0  0
2.7334-0.01943  -0.0075413    -0.023080  0  0  0  0  0  0  0  0  0  0  0  0  0  0  0  0  0  0  0  0  0  0  0
2.7441-0.021067  -0.0079627   -0.0221040  0  0  0  0  0  0  0  0  0  0  0  0  0  0  0  0  0  0  0  0  0  0  0
2.7549-0.022903  -0.0083801    -0.021020  0  0  0  0  0  0  0  0  0  0  0  0  0  0  0  0  0  0  0  0  0  0  0
2.7658-0.024456  -0.0088087   -0.0200120  0  0  0  0  0  0  0  0  0  0  0  0  0  0  0  0  0  0  0  0  0  0  0
2.7763-0.025763  -0.0091377   -0.0190210  0  0  0  0  0  0  0  0  0  0  0  0  0  0  0  0  0  0  0  0  0  0  0
2.787-0.02704  -0.0093949   -0.0178480  0  0  0  0  0  0  0  0  0  0  0  0  0  0  0  0  0  0  0  0  0  0  0
2.7978-0.028188  -0.0096434    -0.016490  0  0  0  0  0  0  0  0  0  0  0  0  0  0  0  0  0  0  0  0  0  0  0
2.8079-0.029001  -0.0097543   -0.0153240  0  0  0  0  0  0  0  0  0  0  0  0  0  0  0  0  0  0  0  0  0  0  0
2.8183-0.02968  -0.0098352    -0.014130  0  0  0  0  0  0  0  0  0  0  0  0  0  0  0  0  0  0  0  0  0  0  0
2.8291-0.030294  -0.0098362   -0.0128280  0  0  0  0  0  0  0  0  0  0  0  0  0  0  0  0  0  0  0  0  0  0  0
2.8399-0.030821   -0.009948   -0.0113860  0  0  0  0  0  0  0  0  0  0  0  0  0  0  0  0  0  0  0  0  0  0  0
2.8507-0.031215   -0.009965   -0.0101360  0  0  0  0  0  0  0  0  0  0  0  0  0  0  0  0  0  0  0  0  0  0  0
2.8613-0.031439   -0.010014  -0.00903060  0  0  0  0  0  0  0  0  0  0  0  0  0  0  0  0  0  0  0  0  0  0  0
2.8721-0.03173   -0.010052  -0.00779950  0  0  0  0  0  0  0  0  0  0  0  0  0  0  0  0  0  0  0  0  0  0  0
2.8829-0.031823   -0.010097  -0.00668810  0  0  0  0  0  0  0  0  0  0  0  0  0  0  0  0  0  0  0  0  0  0  0
2.8936-0.031857   -0.010176  -0.00577680  0  0  0  0  0  0  0  0  0  0  0  0  0  0  0  0  0  0  0  0  0  0  0
2.9043-0.031811   -0.010173  -0.00475490  0  0  0  0  0  0  0  0  0  0  0  0  0  0  0  0  0  0  0  0  0  0  0
2.915-0.031764   -0.010123  -0.00379270  0  0  0  0  0  0  0  0  0  0  0  0  0  0  0  0  0  0  0  0  0  0  0
2.9258-0.031635   -0.010058  -0.00281420  0  0  0  0  0  0  0  0  0  0  0  0  0  0  0  0  0  0  0  0  0  0  0
2.9366-0.03156  -0.0099555  -0.00203890  0  0  0  0  0  0  0  0  0  0  0  0  0  0  0  0  0  0  0  0  0  0  0
2.9472-0.031563  -0.0098653  -0.00124620  0  0  0  0  0  0  0  0  0  0  0  0  0  0  0  0  0  0  0  0  0  0  0
2.958-0.031465  -0.0098028 -0.000463680  0  0  0  0  0  0  0  0  0  0  0  0  0  0  0  0  0  0  0  0  0  0  0
2.9688-0.031448  -0.0096607  0.000145780  0  0  0  0  0  0  0  0  0  0  0  0  0  0  0  0  0  0  0  0  0  0  0
2.9796-0.031395  -0.0095584  0.000645220  0  0  0  0  0  0  0  0  0  0  0  0  0  0  0  0  0  0  0  0  0  0  0
2.9909-0.03139  -0.0094402   0.00114620  0  0  0  0  0  0  0  0  0  0  0  0  0  0  0  0  0  0  0  0  0  0  0
2.9909-0.031285   -0.009351   0.00163920  0  0  0  0  0  0  0  0  0  0  0  0  0  0  0  0  0  0  0  0  0  0  0
3.0017-0.031181   -0.009215   0.00203670  0  0  0  0  0  0  0  0  0  0  0  0  0  0  0  0  0  0  0  0  0  0  0
3.0125-0.031128  -0.0091346   0.00234670  0  0  0  0  0  0  0  0  0  0  0  0  0  0  0  0  0  0  0  0  0  0  0
3.023-0.031025  -0.0090689   0.00265290  0  0  0  0  0  0  0  0  0  0  0  0  0  0  0  0  0  0  0  0  0  0  0
3.0337-0.030946  -0.0090307   0.00289550  0  0  0  0  0  0  0  0  0  0  0  0  0  0  0  0  0  0  0  0  0  0  0
3.0437-0.030909  -0.0089765   0.00310090  0  0  0  0  0  0  0  0  0  0  0  0  0  0  0  0  0  0  0  0  0  0  0
3.0545-0.030909  -0.0089056   0.00322950  0  0  0  0  0  0  0  0  0  0  0  0  0  0  0  0  0  0  0  0  0  0  0
3.065-0.030876  -0.0088052   0.00334130  0  0  0  0  0  0  0  0  0  0  0  0  0  0  0  0  0  0  0  0  0  0  0
3.0758-0.030822  -0.0087485    0.0034270  0  0  0  0  0  0  0  0  0  0  0  0  0  0  0  0  0  0  0  0  0  0  0
3.0868-0.030812  -0.0086759   0.00347590  0  0  0  0  0  0  0  0  0  0  0  0  0  0  0  0  0  0  0  0  0  0  0
3.0973-0.030783  -0.0086472   0.00349890  0  0  0  0  0  0  0  0  0  0  0  0  0  0  0  0  0  0  0  0  0  0  0
3.108-0.030802  -0.0086034   0.00352480  0  0  0  0  0  0  0  0  0  0  0  0  0  0  0  0  0  0  0  0  0  0  0
3.1188-0.030743  -0.0085459   0.00357060  0  0  0  0  0  0  0  0  0  0  0  0  0  0  0  0  0  0  0  0  0  0  0
3.1294-0.030714  -0.0085171   0.00359350  0  0  0  0  0  0  0  0  0  0  0  0  0  0  0  0  0  0  0  0  0  0  0
3.1395-0.030684  -0.0084883   0.00361640  0  0  0  0  0  0  0  0  0  0  0  0  0  0  0  0  0  0  0  0  0  0  0
3.15-0.030684  -0.0084883   0.00361640  0  0  0  0  0  0  0  0  0  0  0  0  0  0  0  0  0  0  0  0  0  0  0
3.1608-0.030655  -0.0084596   0.00363920  0  0  0  0  0  0  0  0  0  0  0  0  0  0  0  0  0  0  0  0  0  0  0
3.1717-0.030655  -0.0084596   0.00363920  0  0  0  0  0  0  0  0  0  0  0  0  0  0  0  0  0  0  0  0  0  0  0
3.1822-0.030655  -0.0084596   0.00363920  0  0  0  0  0  0  0  0  0  0  0  0  0  0  0  0  0  0  0  0  0  0  0
3.193-0.030655  -0.0084596   0.00363920  0  0  0  0  0  0  0  0  0  0  0  0  0  0  0  0  0  0  0  0  0  0  0
3.2038-0.030655  -0.0084596   0.00363920  0  0  0  0  0  0  0  0  0  0  0  0  0  0  0  0  0  0  0  0  0  0  0
3.2146-0.030655  -0.0084596   0.00363920  0  0  0  0  0  0  0  0  0  0  0  0  0  0  0  0  0  0  0  0  0  0  0
3.2253-0.030655  -0.0084596   0.00363920  0  0  0  0  0  0  0  0  0  0  0  0  0  0  0  0  0  0  0  0  0  0  0
3.236-0.030625  -0.0084308   0.00366210  0  0  0  0  0  0  0  0  0  0  0  0  0  0  0  0  0  0  0  0  0  0  0
3.2467-0.030625  -0.0084308   0.00366210  0  0  0  0  0  0  0  0  0  0  0  0  0  0  0  0  0  0  0  0  0  0  0
3.2575-0.030596   -0.008402   0.00368490  0  0  0  0  0  0  0  0  0  0  0  0  0  0  0  0  0  0  0  0  0  0  0
3.2682-0.030566  -0.0083732   0.00370770  0  0  0  0  0  0  0  0  0  0  0  0  0  0  0  0  0  0  0  0  0  0  0
3.2789-0.030537  -0.0083444   0.00373050  0  0  0  0  0  0  0  0  0  0  0  0  0  0  0  0  0  0  0  0  0  0  0
3.2898-0.030507  -0.0083155   0.00375330  0  0  0  0  0  0  0  0  0  0  0  0  0  0  0  0  0  0  0  0  0  0  0
3.3005-0.030478  -0.0082867   0.00377610  0  0  0  0  0  0  0  0  0  0  0  0  0  0  0  0  0  0  0  0  0  0  0
3.3111-0.030419   -0.008229   0.00382160  0  0  0  0  0  0  0  0  0  0  0  0  0  0  0  0  0  0  0  0  0  0  0
3.3215-0.030344  -0.0080979   0.00387590  0  0  0  0  0  0  0  0  0  0  0  0  0  0  0  0  0  0  0  0  0  0  0
3.3318-0.030177  -0.0079974   0.00396340  0  0  0  0  0  0  0  0  0  0  0  0  0  0  0  0  0  0  0  0  0  0  0
3.3426-0.03001  -0.0078967   0.00405070  0  0  0  0  0  0  0  0  0  0  0  0  0  0  0  0  0  0  0  0  0  0  0
3.3531-0.029734  -0.0077528   0.00417930  0  0  0  0  0  0  0  0  0  0  0  0  0  0  0  0  0  0  0  0  0  0  0
3.3639-0.029331  -0.0076092   0.00432280  0  0  0  0  0  0  0  0  0  0  0  0  0  0  0  0  0  0  0  0  0  0  0
3.3748-0.028784  -0.0073918   0.00448820  0  0  0  0  0  0  0  0  0  0  0  0  0  0  0  0  0  0  0  0  0  0  0
3.3855-0.028282  -0.0072762   0.00462080  0  0  0  0  0  0  0  0  0  0  0  0  0  0  0  0  0  0  0  0  0  0  0
3.3961-0.027588  -0.0071005   0.00476920  0  0  0  0  0  0  0  0  0  0  0  0  0  0  0  0  0  0  0  0  0  0  0
3.4069-0.026797  -0.0069524   0.00490510  0  0  0  0  0  0  0  0  0  0  0  0  0  0  0  0  0  0  0  0  0  0  0
3.4185-0.025892  -0.0067571   0.00503430  0  0  0  0  0  0  0  0  0  0  0  0  0  0  0  0  0  0  0  0  0  0  0
3.4293-0.024907  -0.0066623   0.00513930  0  0  0  0  0  0  0  0  0  0  0  0  0  0  0  0  0  0  0  0  0  0  0
3.4401-0.023823  -0.0064741   0.00521920  0  0  0  0  0  0  0  0  0  0  0  0  0  0  0  0  0  0  0  0  0  0  0
3.4508-0.02274  -0.0064012    0.0052560  0  0  0  0  0  0  0  0  0  0  0  0  0  0  0  0  0  0  0  0  0  0  0
3.4617-0.02151  -0.0062476   0.00525770  0  0  0  0  0  0  0  0  0  0  0  0  0  0  0  0  0  0  0  0  0  0  0
3.4723-0.020471  -0.0061527   0.00520040  0  0  0  0  0  0  0  0  0  0  0  0  0  0  0  0  0  0  0  0  0  0  0
3.483-0.019365  -0.0059927   0.00509270  0  0  0  0  0  0  0  0  0  0  0  0  0  0  0  0  0  0  0  0  0  0  0
3.4937-0.018258  -0.0058286   0.00493390  0  0  0  0  0  0  0  0  0  0  0  0  0  0  0  0  0  0  0  0  0  0  0
3.5046-0.016805  -0.0056803   0.00471320  0  0  0  0  0  0  0  0  0  0  0  0  0  0  0  0  0  0  0  0  0  0  0
3.5153-0.015642  -0.0055662   0.00449330  0  0  0  0  0  0  0  0  0  0  0  0  0  0  0  0  0  0  0  0  0  0  0
3.526-0.014259    -0.00535   0.00423550  0  0  0  0  0  0  0  0  0  0  0  0  0  0  0  0  0  0  0  0  0  0  0
3.5368-0.012761  -0.0052442   0.00392640  0  0  0  0  0  0  0  0  0  0  0  0  0  0  0  0  0  0  0  0  0  0  0
3.5473-0.011364   -0.005108   0.00366020  0  0  0  0  0  0  0  0  0  0  0  0  0  0  0  0  0  0  0  0  0  0  0
3.5583-0.0097852  -0.0048983   0.00336650  0  0  0  0  0  0  0  0  0  0  0  0  0  0  0  0  0  0  0  0  0  0  0
3.569-0.0080675  -0.0047674   0.00311360  0  0  0  0  0  0  0  0  0  0  0  0  0  0  0  0  0  0  0  0  0  0  0
3.5797-0.0060065  -0.0045669    0.0028840  0  0  0  0  0  0  0  0  0  0  0  0  0  0  0  0  0  0  0  0  0  0  0
3.5906-0.0040665  -0.0044103    0.0026850  0  0  0  0  0  0  0  0  0  0  0  0  0  0  0  0  0  0  0  0  0  0  0
3.6012-0.0022256  -0.0042222   0.00252580  0  0  0  0  0  0  0  0  0  0  0  0  0  0  0  0  0  0  0  0  0  0  0
3.612-0.00015122  -0.0040114   0.00235470  0  0  0  0  0  0  0  0  0  0  0  0  0  0  0  0  0  0  0  0  0  0  0
3.62280.0022177   -0.003709   0.00214720  0  0  0  0  0  0  0  0  0  0  0  0  0  0  0  0  0  0  0  0  0  0  0
3.63350.0040973  -0.0034317    0.0019670  0  0  0  0  0  0  0  0  0  0  0  0  0  0  0  0  0  0  0  0  0  0  0
3.64410.0061973  -0.0030833   0.00179180  0  0  0  0  0  0  0  0  0  0  0  0  0  0  0  0  0  0  0  0  0  0  0
3.65490.0083003  -0.0027703   0.00159380  0  0  0  0  0  0  0  0  0  0  0  0  0  0  0  0  0  0  0  0  0  0  0
3.66570.010535  -0.0023585   0.00137920  0  0  0  0  0  0  0  0  0  0  0  0  0  0  0  0  0  0  0  0  0  0  0
3.67650.012334  -0.0019918   0.00120840  0  0  0  0  0  0  0  0  0  0  0  0  0  0  0  0  0  0  0  0  0  0  0
3.68720.014234  -0.0015606   0.00101430  0  0  0  0  0  0  0  0  0  0  0  0  0  0  0  0  0  0  0  0  0  0  0
3.69780.016139   -0.001166  0.000802850  0  0  0  0  0  0  0  0  0  0  0  0  0  0  0  0  0  0  0  0  0  0  0
3.70890.018173 -0.00067028  0.000528560  0  0  0  0  0  0  0  0  0  0  0  0  0  0  0  0  0  0  0  0  0  0  0
3.71950.019841  -0.0003294  0.000291070  0  0  0  0  0  0  0  0  0  0  0  0  0  0  0  0  0  0  0  0  0  0  0
3.73020.021575   4.233e-05   1.829e-050  0  0  0  0  0  0  0  0  0  0  0  0  0  0  0  0  0  0  0  0  0  0  0
3.74080.023207  0.00031633 -0.000261130  0  0  0  0  0  0  0  0  0  0  0  0  0  0  0  0  0  0  0  0  0  0  0
3.75280.024988  0.00055449 -0.000650710  0  0  0  0  0  0  0  0  0  0  0  0  0  0  0  0  0  0  0  0  0  0  0
3.76330.026492  0.00077998  -0.00100760  0  0  0  0  0  0  0  0  0  0  0  0  0  0  0  0  0  0  0  0  0  0  0
3.7740.027969  0.00088344  -0.00140670  0  0  0  0  0  0  0  0  0  0  0  0  0  0  0  0  0  0  0  0  0  0  0
3.78480.029464  0.00085449  -0.00182880  0  0  0  0  0  0  0  0  0  0  0  0  0  0  0  0  0  0  0  0  0  0  0
3.79580.031068  0.00080004  -0.00229870  0  0  0  0  0  0  0  0  0  0  0  0  0  0  0  0  0  0  0  0  0  0  0
3.80630.032376  0.00064607  -0.00271250  0  0  0  0  0  0  0  0  0  0  0  0  0  0  0  0  0  0  0  0  0  0  0
3.81690.033764   0.0003833   -0.0032080  0  0  0  0  0  0  0  0  0  0  0  0  0  0  0  0  0  0  0  0  0  0  0
3.82770.035124  4.2363e-05  -0.00367130  0  0  0  0  0  0  0  0  0  0  0  0  0  0  0  0  0  0  0  0  0  0  0
3.83860.036452 -0.00042441  -0.00417390  0  0  0  0  0  0  0  0  0  0  0  0  0  0  0  0  0  0  0  0  0  0  0
3.84920.037536  -0.0007853  -0.00458740  0  0  0  0  0  0  0  0  0  0  0  0  0  0  0  0  0  0  0  0  0  0  0
3.85990.03866  -0.0012465  -0.00505770  0  0  0  0  0  0  0  0  0  0  0  0  0  0  0  0  0  0  0  0  0  0  0
3.87080.039737    -0.00165  -0.00548170  0  0  0  0  0  0  0  0  0  0  0  0  0  0  0  0  0  0  0  0  0  0  0
3.88150.040747  -0.0020791  -0.00585210  0  0  0  0  0  0  0  0  0  0  0  0  0  0  0  0  0  0  0  0  0  0  0
3.89230.041714  -0.0024978  -0.00620450  0  0  0  0  0  0  0  0  0  0  0  0  0  0  0  0  0  0  0  0  0  0  0
3.90290.042627  -0.0029893  -0.00649150  0  0  0  0  0  0  0  0  0  0  0  0  0  0  0  0  0  0  0  0  0  0  0
3.91380.043513  -0.0033413  -0.00677380  0  0  0  0  0  0  0  0  0  0  0  0  0  0  0  0  0  0  0  0  0  0  0
3.92460.044403   -0.003739  -0.00705430  0  0  0  0  0  0  0  0  0  0  0  0  0  0  0  0  0  0  0  0  0  0  0
3.93520.04506  -0.0040346  -0.00726240  0  0  0  0  0  0  0  0  0  0  0  0  0  0  0  0  0  0  0  0  0  0  0
3.94590.045736  -0.0042457  -0.00748010  0  0  0  0  0  0  0  0  0  0  0  0  0  0  0  0  0  0  0  0  0  0  0
3.95680.0463   -0.004429  -0.00765630  0  0  0  0  0  0  0  0  0  0  0  0  0  0  0  0  0  0  0  0  0  0  0
3.96760.046853   -0.004565  -0.00784390  0  0  0  0  0  0  0  0  0  0  0  0  0  0  0  0  0  0  0  0  0  0  0
3.97820.047339  -0.0046825  -0.00797620  0  0  0  0  0  0  0  0  0  0  0  0  0  0  0  0  0  0  0  0  0  0  0
3.98890.047738  -0.0047347  -0.00810130  0  0  0  0  0  0  0  0  0  0  0  0  0  0  0  0  0  0  0  0  0  0  0
3.99970.048094  -0.0047776  -0.00823880  0  0  0  0  0  0  0  0  0  0  0  0  0  0  0  0  0  0  0  0  0  0  0
4.01040.048365  -0.0047555  -0.00836770  0  0  0  0  0  0  0  0  0  0  0  0  0  0  0  0  0  0  0  0  0  0  0
4.02110.048538  -0.0047532  -0.00844140  0  0  0  0  0  0  0  0  0  0  0  0  0  0  0  0  0  0  0  0  0  0  0
4.03180.048669   -0.004742  -0.00852640  0  0  0  0  0  0  0  0  0  0  0  0  0  0  0  0  0  0  0  0  0  0  0
4.04270.048734  -0.0047129   -0.0085530  0  0  0  0  0  0  0  0  0  0  0  0  0  0  0  0  0  0  0  0  0  0  0
4.05350.048832  -0.0046459   -0.0085770  0  0  0  0  0  0  0  0  0  0  0  0  0  0  0  0  0  0  0  0  0  0  0
4.06420.048865  -0.0046079  -0.00857440  0  0  0  0  0  0  0  0  0  0  0  0  0  0  0  0  0  0  0  0  0  0  0
4.07480.048897  -0.0045698  -0.00857180  0  0  0  0  0  0  0  0  0  0  0  0  0  0  0  0  0  0  0  0  0  0  0
4.08570.048897  -0.0045698  -0.00857180  0  0  0  0  0  0  0  0  0  0  0  0  0  0  0  0  0  0  0  0  0  0  0
4.09640.048897  -0.0045698  -0.00857180  0  0  0  0  0  0  0  0  0  0  0  0  0  0  0  0  0  0  0  0  0  0  0
4.10670.048897  -0.0045698  -0.00857180  0  0  0  0  0  0  0  0  0  0  0  0  0  0  0  0  0  0  0  0  0  0  0
4.11670.048897  -0.0045698  -0.00857180  0  0  0  0  0  0  0  0  0  0  0  0  0  0  0  0  0  0  0  0  0  0  0
4.12770.048897  -0.0045698  -0.00857180  0  0  0  0  0  0  0  0  0  0  0  0  0  0  0  0  0  0  0  0  0  0  0
4.13870.048897  -0.0045698  -0.00857180  0  0  0  0  0  0  0  0  0  0  0  0  0  0  0  0  0  0  0  0  0  0  0
4.1490.048897  -0.0045698  -0.00857180  0  0  0  0  0  0  0  0  0  0  0  0  0  0  0  0  0  0  0  0  0  0  0
4.15970.048897  -0.0045698  -0.00857180  0  0  0  0  0  0  0  0  0  0  0  0  0  0  0  0  0  0  0  0  0  0  0
4.17060.048897  -0.0045698  -0.00857180  0  0  0  0  0  0  0  0  0  0  0  0  0  0  0  0  0  0  0  0  0  0  0
4.18130.048897  -0.0045698  -0.00857180  0  0  0  0  0  0  0  0  0  0  0  0  0  0  0  0  0  0  0  0  0  0  0
4.1920.048897  -0.0045698  -0.00857180  0  0  0  0  0  0  0  0  0  0  0  0  0  0  0  0  0  0  0  0  0  0  0
4.20270.048865  -0.0045609  -0.00854250  0  0  0  0  0  0  0  0  0  0  0  0  0  0  0  0  0  0  0  0  0  0  0
4.21350.048865  -0.0045609  -0.00854250  0  0  0  0  0  0  0  0  0  0  0  0  0  0  0  0  0  0  0  0  0  0  0
4.22420.048865  -0.0045609  -0.00854250  0  0  0  0  0  0  0  0  0  0  0  0  0  0  0  0  0  0  0  0  0  0  0
4.2350.048865  -0.0045609  -0.00854250  0  0  0  0  0  0  0  0  0  0  0  0  0  0  0  0  0  0  0  0  0  0  0
4.24570.048865  -0.0045609  -0.00854250  0  0  0  0  0  0  0  0  0  0  0  0  0  0  0  0  0  0  0  0  0  0  0
4.25670.048865  -0.0045609  -0.00854250  0  0  0  0  0  0  0  0  0  0  0  0  0  0  0  0  0  0  0  0  0  0  0
4.26740.048865  -0.0045609  -0.00854250  0  0  0  0  0  0  0  0  0  0  0  0  0  0  0  0  0  0  0  0  0  0  0
4.27790.048865  -0.0045609  -0.00854250  0  0  0  0  0  0  0  0  0  0  0  0  0  0  0  0  0  0  0  0  0  0  0
4.28870.048865  -0.0045609  -0.00854250  0  0  0  0  0  0  0  0  0  0  0  0  0  0  0  0  0  0  0  0  0  0  0
4.29930.048865  -0.0045609  -0.00854250  0  0  0  0  0  0  0  0  0  0  0  0  0  0  0  0  0  0  0  0  0  0  0
4.31020.048865  -0.0045609  -0.00854250  0  0  0  0  0  0  0  0  0  0  0  0  0  0  0  0  0  0  0  0  0  0  0
4.32090.048865  -0.0045609  -0.00854250  0  0  0  0  0  0  0  0  0  0  0  0  0  0  0  0  0  0  0  0  0  0  0
4.33170.048865  -0.0045609  -0.00854250  0  0  0  0  0  0  0  0  0  0  0  0  0  0  0  0  0  0  0  0  0  0  0
4.34250.048865  -0.0045609  -0.00854250  0  0  0  0  0  0  0  0  0  0  0  0  0  0  0  0  0  0  0  0  0  0  0
4.35310.048865  -0.0045609  -0.00854250  0  0  0  0  0  0  0  0  0  0  0  0  0  0  0  0  0  0  0  0  0  0  0
4.36390.048865  -0.0045609  -0.00854250  0  0  0  0  0  0  0  0  0  0  0  0  0  0  0  0  0  0  0  0  0  0  0
4.37470.048865  -0.0045609  -0.00854250  0  0  0  0  0  0  0  0  0  0  0  0  0  0  0  0  0  0  0  0  0  0  0
4.38550.048865  -0.0045609  -0.00854250  0  0  0  0  0  0  0  0  0  0  0  0  0  0  0  0  0  0  0  0  0  0  0
4.3960.048865  -0.0045609  -0.00854250  0  0  0  0  0  0  0  0  0  0  0  0  0  0  0  0  0  0  0  0  0  0  0
4.40680.048832   -0.004552  -0.00851330  0  0  0  0  0  0  0  0  0  0  0  0  0  0  0  0  0  0  0  0  0  0  0
4.41850.048832   -0.004552  -0.00851330  0  0  0  0  0  0  0  0  0  0  0  0  0  0  0  0  0  0  0  0  0  0  0
4.42930.048832   -0.004552  -0.00851330  0  0  0  0  0  0  0  0  0  0  0  0  0  0  0  0  0  0  0  0  0  0  0
4.43950.048832   -0.004552  -0.00851330  0  0  0  0  0  0  0  0  0  0  0  0  0  0  0  0  0  0  0  0  0  0  0
4.44980.048832   -0.004552  -0.00851330  0  0  0  0  0  0  0  0  0  0  0  0  0  0  0  0  0  0  0  0  0  0  0
4.46070.048832   -0.004552  -0.00851330  0  0  0  0  0  0  0  0  0  0  0  0  0  0  0  0  0  0  0  0  0  0  0
4.47140.048832   -0.004552  -0.00851330  0  0  0  0  0  0  0  0  0  0  0  0  0  0  0  0  0  0  0  0  0  0  0
4.4820.048832   -0.004552  -0.00851330  0  0  0  0  0  0  0  0  0  0  0  0  0  0  0  0  0  0  0  0  0  0  0
4.49280.048832   -0.004552  -0.00851330  0  0  0  0  0  0  0  0  0  0  0  0  0  0  0  0  0  0  0  0  0  0  0
4.50370.048823  -0.0045052  -0.00852170  0  0  0  0  0  0  0  0  0  0  0  0  0  0  0  0  0  0  0  0  0  0  0
4.51440.048823  -0.0045052  -0.00852170  0  0  0  0  0  0  0  0  0  0  0  0  0  0  0  0  0  0  0  0  0  0  0
4.5250.048823  -0.0045052  -0.00852170  0  0  0  0  0  0  0  0  0  0  0  0  0  0  0  0  0  0  0  0  0  0  0
4.53570.048813  -0.0044583  -0.00853010  0  0  0  0  0  0  0  0  0  0  0  0  0  0  0  0  0  0  0  0  0  0  0
4.54640.048804  -0.0044115  -0.00853860  0  0  0  0  0  0  0  0  0  0  0  0  0  0  0  0  0  0  0  0  0  0  0
4.55640.048785  -0.0043179  -0.00855550  0  0  0  0  0  0  0  0  0  0  0  0  0  0  0  0  0  0  0  0  0  0  0
4.56710.048775  -0.0042711   -0.0085640  0  0  0  0  0  0  0  0  0  0  0  0  0  0  0  0  0  0  0  0  0  0  0
4.57770.048757  -0.0041776  -0.00858110  0  0  0  0  0  0  0  0  0  0  0  0  0  0  0  0  0  0  0  0  0  0  0
4.58860.048747  -0.0041308  -0.00858960  0  0  0  0  0  0  0  0  0  0  0  0  0  0  0  0  0  0  0  0  0  0  0
4.59920.048738  -0.0040841  -0.00859820  0  0  0  0  0  0  0  0  0  0  0  0  0  0  0  0  0  0  0  0  0  0  0
4.610.048728  -0.0040374  -0.00860680  0  0  0  0  0  0  0  0  0  0  0  0  0  0  0  0  0  0  0  0  0  0  0
4.62070.048728  -0.0040374  -0.00860680  0  0  0  0  0  0  0  0  0  0  0  0  0  0  0  0  0  0  0  0  0  0  0
4.63140.048719  -0.0039907  -0.00861540  0  0  0  0  0  0  0  0  0  0  0  0  0  0  0  0  0  0  0  0  0  0  0
4.64210.048719  -0.0039907  -0.00861540  0  0  0  0  0  0  0  0  0  0  0  0  0  0  0  0  0  0  0  0  0  0  0
4.65290.048719  -0.0039907  -0.00861540  0  0  0  0  0  0  0  0  0  0  0  0  0  0  0  0  0  0  0  0  0  0  0
4.66360.048719  -0.0039907  -0.00861540  0  0  0  0  0  0  0  0  0  0  0  0  0  0  0  0  0  0  0  0  0  0  0
4.67480.048719  -0.0039907  -0.00861540  0  0  0  0  0  0  0  0  0  0  0  0  0  0  0  0  0  0  0  0  0  0  0
4.68520.048719  -0.0039907  -0.00861540  0  0  0  0  0  0  0  0  0  0  0  0  0  0  0  0  0  0  0  0  0  0  0
4.69580.048719  -0.0039907  -0.00861540  0  0  0  0  0  0  0  0  0  0  0  0  0  0  0  0  0  0  0  0  0  0  0
4.70670.048719  -0.0039907  -0.00861540  0  0  0  0  0  0  0  0  0  0  0  0  0  0  0  0  0  0  0  0  0  0  0
4.71780.048719  -0.0039907  -0.00861540  0  0  0  0  0  0  0  0  0  0  0  0  0  0  0  0  0  0  0  0  0  0  0
4.72810.048719  -0.0039907  -0.00861540  0  0  0  0  0  0  0  0  0  0  0  0  0  0  0  0  0  0  0  0  0  0  0
4.73890.048719  -0.0039907  -0.00861540  0  0  0  0  0  0  0  0  0  0  0  0  0  0  0  0  0  0  0  0  0  0  0
4.74960.048719  -0.0039907  -0.00861540  0  0  0  0  0  0  0  0  0  0  0  0  0  0  0  0  0  0  0  0  0  0  0
4.76020.048719  -0.0039907  -0.00861540  0  0  0  0  0  0  0  0  0  0  0  0  0  0  0  0  0  0  0  0  0  0  0
4.77110.048709   -0.003944  -0.00862410  0  0  0  0  0  0  0  0  0  0  0  0  0  0  0  0  0  0  0  0  0  0  0
4.78180.048709   -0.003944  -0.00862410  0  0  0  0  0  0  0  0  0  0  0  0  0  0  0  0  0  0  0  0  0  0  0
4.79270.0487  -0.0038973  -0.00863270  0  0  0  0  0  0  0  0  0  0  0  0  0  0  0  0  0  0  0  0  0  0  0
4.80380.04869  -0.0038506  -0.00864140  0  0  0  0  0  0  0  0  0  0  0  0  0  0  0  0  0  0  0  0  0  0  0
4.81410.04869  -0.0038506  -0.00864140  0  0  0  0  0  0  0  0  0  0  0  0  0  0  0  0  0  0  0  0  0  0  0
4.82480.048681   -0.003804  -0.00865010  0  0  0  0  0  0  0  0  0  0  0  0  0  0  0  0  0  0  0  0  0  0  0
4.83570.048671  -0.0037573  -0.00865880  0  0  0  0  0  0  0  0  0  0  0  0  0  0  0  0  0  0  0  0  0  0  0
4.84640.048662  -0.0037107  -0.00866750  0  0  0  0  0  0  0  0  0  0  0  0  0  0  0  0  0  0  0  0  0  0  0
4.8570.048652  -0.0036641  -0.00867620  0  0  0  0  0  0  0  0  0  0  0  0  0  0  0  0  0  0  0  0  0  0  0
4.86770.048643  -0.0036175   -0.0086850  0  0  0  0  0  0  0  0  0  0  0  0  0  0  0  0  0  0  0  0  0  0  0
4.87860.048624  -0.0035243  -0.00870260  0  0  0  0  0  0  0  0  0  0  0  0  0  0  0  0  0  0  0  0  0  0  0
4.88940.048605  -0.0034312  -0.00872020  0  0  0  0  0  0  0  0  0  0  0  0  0  0  0  0  0  0  0  0  0  0  0
4.89990.048586  -0.0033382  -0.00873790  0  0  0  0  0  0  0  0  0  0  0  0  0  0  0  0  0  0  0  0  0  0  0
4.91070.048567  -0.0032452  -0.00875570  0  0  0  0  0  0  0  0  0  0  0  0  0  0  0  0  0  0  0  0  0  0  0
4.92070.048548  -0.0031522  -0.00877360  0  0  0  0  0  0  0  0  0  0  0  0  0  0  0  0  0  0  0  0  0  0  0
4.93120.048529  -0.0030593  -0.00879160  0  0  0  0  0  0  0  0  0  0  0  0  0  0  0  0  0  0  0  0  0  0  0
4.9420.0485    -0.00292  -0.00881860  0  0  0  0  0  0  0  0  0  0  0  0  0  0  0  0  0  0  0  0  0  0  0
4.95270.048481  -0.0028273  -0.00883670  0  0  0  0  0  0  0  0  0  0  0  0  0  0  0  0  0  0  0  0  0  0  0
4.96350.048452  -0.0026882  -0.00886410  0  0  0  0  0  0  0  0  0  0  0  0  0  0  0  0  0  0  0  0  0  0  0
4.97430.048456  -0.0025583  -0.00892060  0  0  0  0  0  0  0  0  0  0  0  0  0  0  0  0  0  0  0  0  0  0  0
4.9850.048427  -0.0024194  -0.00894820  0  0  0  0  0  0  0  0  0  0  0  0  0  0  0  0  0  0  0  0  0  0  0
4.99570.048398  -0.0022807   -0.0089760  0  0  0  0  0  0  0  0  0  0  0  0  0  0  0  0  0  0  0  0  0  0  0
5.00660.048369  -0.0021422  -0.00900390  0  0  0  0  0  0  0  0  0  0  0  0  0  0  0  0  0  0  0  0  0  0  0
5.01710.048341  -0.0020037  -0.00903210  0  0  0  0  0  0  0  0  0  0  0  0  0  0  0  0  0  0  0  0  0  0  0
5.0280.048312  -0.0018654  -0.00906030  0  0  0  0  0  0  0  0  0  0  0  0  0  0  0  0  0  0  0  0  0  0  0
5.03870.048292  -0.0017732  -0.00907930  0  0  0  0  0  0  0  0  0  0  0  0  0  0  0  0  0  0  0  0  0  0  0
5.04950.048273  -0.0016811  -0.00909830  0  0  0  0  0  0  0  0  0  0  0  0  0  0  0  0  0  0  0  0  0  0  0
5.06040.048263  -0.0016351  -0.00910780  0  0  0  0  0  0  0  0  0  0  0  0  0  0  0  0  0  0  0  0  0  0  0
5.07090.048263  -0.0016351  -0.00910780  0  0  0  0  0  0  0  0  0  0  0  0  0  0  0  0  0  0  0  0  0  0  0
5.08170.048254   -0.001589  -0.00911740  0  0  0  0  0  0  0  0  0  0  0  0  0  0  0  0  0  0  0  0  0  0  0
5.09240.048254   -0.001589  -0.00911740  0  0  0  0  0  0  0  0  0  0  0  0  0  0  0  0  0  0  0  0  0  0  0
5.10310.048254   -0.001589  -0.00911740  0  0  0  0  0  0  0  0  0  0  0  0  0  0  0  0  0  0  0  0  0  0  0
5.11380.048254   -0.001589  -0.00911740  0  0  0  0  0  0  0  0  0  0  0  0  0  0  0  0  0  0  0  0  0  0  0
5.12470.048254   -0.001589  -0.00911740  0  0  0  0  0  0  0  0  0  0  0  0  0  0  0  0  0  0  0  0  0  0  0
5.13550.048254   -0.001589  -0.00911740  0  0  0  0  0  0  0  0  0  0  0  0  0  0  0  0  0  0  0  0  0  0  0
5.1460.048254   -0.001589  -0.00911740  0  0  0  0  0  0  0  0  0  0  0  0  0  0  0  0  0  0  0  0  0  0  0
5.15680.048254   -0.001589  -0.00911740  0  0  0  0  0  0  0  0  0  0  0  0  0  0  0  0  0  0  0  0  0  0  0
5.16770.048254   -0.001589  -0.00911740  0  0  0  0  0  0  0  0  0  0  0  0  0  0  0  0  0  0  0  0  0  0  0
5.17840.048254   -0.001589  -0.00911740  0  0  0  0  0  0  0  0  0  0  0  0  0  0  0  0  0  0  0  0  0  0  0
5.18910.048254   -0.001589  -0.00911740  0  0  0  0  0  0  0  0  0  0  0  0  0  0  0  0  0  0  0  0  0  0  0
5.19980.048254   -0.001589  -0.00911740  0  0  0  0  0  0  0  0  0  0  0  0  0  0  0  0  0  0  0  0  0  0  0
5.21060.048254   -0.001589  -0.00911740  0  0  0  0  0  0  0  0  0  0  0  0  0  0  0  0  0  0  0  0  0  0  0
5.22150.048254   -0.001589  -0.00911740  0  0  0  0  0  0  0  0  0  0  0  0  0  0  0  0  0  0  0  0  0  0  0
5.23210.048254   -0.001589  -0.00911740  0  0  0  0  0  0  0  0  0  0  0  0  0  0  0  0  0  0  0  0  0  0  0
5.24280.048254   -0.001589  -0.00911740  0  0  0  0  0  0  0  0  0  0  0  0  0  0  0  0  0  0  0  0  0  0  0
5.25370.048254   -0.001589  -0.00911740  0  0  0  0  0  0  0  0  0  0  0  0  0  0  0  0  0  0  0  0  0  0  0
5.26420.048254   -0.001589  -0.00911740  0  0  0  0  0  0  0  0  0  0  0  0  0  0  0  0  0  0  0  0  0  0  0
5.2750.048254   -0.001589  -0.00911740  0  0  0  0  0  0  0  0  0  0  0  0  0  0  0  0  0  0  0  0  0  0  0
5.28580.048254   -0.001589  -0.00911740  0  0  0  0  0  0  0  0  0  0  0  0  0  0  0  0  0  0  0  0  0  0  0
5.29660.048254   -0.001589  -0.00911740  0  0  0  0  0  0  0  0  0  0  0  0  0  0  0  0  0  0  0  0  0  0  0
5.30750.048254   -0.001589  -0.00911740  0  0  0  0  0  0  0  0  0  0  0  0  0  0  0  0  0  0  0  0  0  0  0
5.31790.048254   -0.001589  -0.00911740  0  0  0  0  0  0  0  0  0  0  0  0  0  0  0  0  0  0  0  0  0  0  0
5.32870.048254   -0.001589  -0.00911740  0  0  0  0  0  0  0  0  0  0  0  0  0  0  0  0  0  0  0  0  0  0  0
5.33960.048254   -0.001589  -0.00911740  0  0  0  0  0  0  0  0  0  0  0  0  0  0  0  0  0  0  0  0  0  0  0
5.35040.048254   -0.001589  -0.00911740  0  0  0  0  0  0  0  0  0  0  0  0  0  0  0  0  0  0  0  0  0  0  0
5.36090.048254   -0.001589  -0.00911740  0  0  0  0  0  0  0  0  0  0  0  0  0  0  0  0  0  0  0  0  0  0  0
5.37160.048254   -0.001589  -0.00911740  0  0  0  0  0  0  0  0  0  0  0  0  0  0  0  0  0  0  0  0  0  0  0
5.38240.048254   -0.001589  -0.00911740  0  0  0  0  0  0  0  0  0  0  0  0  0  0  0  0  0  0  0  0  0  0  0
5.39240.048254   -0.001589  -0.00911740  0  0  0  0  0  0  0  0  0  0  0  0  0  0  0  0  0  0  0  0  0  0  0
5.40290.048254   -0.001589  -0.00911740  0  0  0  0  0  0  0  0  0  0  0  0  0  0  0  0  0  0  0  0  0  0  0
5.41370.048254   -0.001589  -0.00911740  0  0  0  0  0  0  0  0  0  0  0  0  0  0  0  0  0  0  0  0  0  0  0
5.42450.048254   -0.001589  -0.00911740  0  0  0  0  0  0  0  0  0  0  0  0  0  0  0  0  0  0  0  0  0  0  0
5.43520.048254   -0.001589  -0.00911740  0  0  0  0  0  0  0  0  0  0  0  0  0  0  0  0  0  0  0  0  0  0  0
5.44580.048254   -0.001589  -0.00911740  0  0  0  0  0  0  0  0  0  0  0  0  0  0  0  0  0  0  0  0  0  0  0
5.45670.048254   -0.001589  -0.00911740  0  0  0  0  0  0  0  0  0  0  0  0  0  0  0  0  0  0  0  0  0  0  0
5.46770.048254   -0.001589  -0.00911740  0  0  0  0  0  0  0  0  0  0  0  0  0  0  0  0  0  0  0  0  0  0  0
5.47810.048254   -0.001589  -0.00911740  0  0  0  0  0  0  0  0  0  0  0  0  0  0  0  0  0  0  0  0  0  0  0
